-286
-639
-928
W0z
-184
-989
871
-815
-990
-594
tgt
-570
-974
-593
961
-83
svY
721
-661
-741
-612
-297
-741
-826
-391
-843
-227
298
-1001
-970
TIP
-814
-720
-621
117
-869
684
899
-834
-535
-453
-908
-780
-919
-658
-54
846
-739
9nq
537
-748
950
-507
-633
-923
-533
-833
-896
677
-967
lfZ
-805
-610
BR0
-928
-460
-444
TN0
-1011
ycO
30
244
-788
-589
-869
-826
567
-160
573
P70
-774
-964
-953
-726
-774
288
-716
457
-868
858
687
567
-752
661
-759
-960
wjq
855
73
BYM
388
-732
-699
796
-60
-146
566
709
914
311
-579
-957
qDO
-600
-997
-875
-571
-288
-273
503
-532
xyF
-707
-856
FfR
679
d8K
-634
F0I
-167
-743
-194
-886
-669
-145
Qqs
744
-767
ThI
-810
d8D
-733
-692
hlG
-206
-522
-639
GnL
-811
ErC
-230
-877
-11
-883
YtY
980
-665
-784
93
-574
-569
4TA
-597
-725
-623
-516
-925
-964
xt9
179
-901
-901
225
-819
-798
704
-610
-406
-1018
-652
-698
-699
31
-628
-1004
-137
332
-1005
-746
-381
324
524
-792
xt5
-609
965
708
-921
591
10
254
-567
FVp
-903
-885
-650
-921
-859
-355
-625
569
-892
-892
-739
-764
-890
-943
-585
-442
-527
-597
-818
-921
-1023
W5h
858
252
-609
-929
H9L
-650
571
-841
HsP
91
-627
-927
-684
-777
-449
j8a
-1009
-722
-987
-945
393
-1000
904
674
164
-776
277
-714
628
-958
586
638
QJw
-375
-131
-723
-426
-914
-790
-763
14
212
-772
448
-823
-200
629
RCm
827
-634
398
-931
-649
-776
-935
-678
-1021
-735
417
-975
-718
-777
-759
-836
-526
-580
-935
776
-594
-678
dnt
-966
727
676
-663
-580
gjt
-869
-557
g03
-711
-665
652
-229
42
-619
-842
-1005
-829
7zh
-744
-546
472
-996
-577
-547
-859
5fF
-1008
659
-527
-637
tgO
-515
712
848
-730
-894
-368
-213
455
-924
J9z
153
-624
-685
-632
-719
-820
712
-852
K7k
-822
-336
144
-694
szz
-782
563
-539
-657
-639
-682
-786
-744
dnO
-917
-1013
214
842
-767
318
7Nj
-46
-905
-686
-764
863
sjF
-82
-778
Auw
-1007
-716
V3t
-574
-682
211
-942
-1022
126
7rc
-200
-120
-547
-840
-985
IFF
-1010
-719
-111
896
-658
uVI
-988
-873
-844
-743
476
400
-533
-753
-557
-1001
zhQ
-959
-717
-267
-268
-865
219
-990
tUf
-895
-638
-943
-753
-978
-915
-134
Pin
-512
-512
840
263
-699
-773
VDu
-819
IZx
-844
-865
-641
-979
-935
-755
-951
SLJ
-608
22
850
-652
618
-882
-1006
-712
-845
-969
-756
-537
-889
898
-982
-609
-67
-405
-674
-986
TBl
-972
-846
-577
-1013
-910
-442
-960
-600
-961
156
-535
-901
YNG
-273
-616
-973
-739
-247
-636
561
-974
-943
-767
IOw
-581
804
-854
-589
-596
-652
-793
-860
-518
852
-50
-762
-862
362
-653
-691
4ve
-653
-692
905
jxi
-1017
-948
-837
-648
-513
2rG
-995
714
-910
tur
-157
-944
Dd0
-758
293
-985
-124
-900
-691
-893
-569
-766
YED
-224
-790
-475
-527
o6B
-674
-949
-593
993
-878
786
-852
134
-717
-821
GL8
382
-331
-512
205
-1016
-640
791
p4s
135
870
Ux7
-853
989
-865
-58
c2g
508
-722
-934
-921
-671
779
639
-919
SKH
-757
-799
BVs
852
-755
-816
-752
-284
XJu
-757
-846
-826
153
-896
365
221
-521
-457
-508
Uaw
-523
tX9
-515
30
-935
-1006
-742
609
-673
-588
-917
-887
-568
-946
862
-246
-815
-650
-715
-718
-528
-865
-992
uak
-975
-833
uut
-955
639
369
953
337
-750
LBT
-525
-837
-514
EYp
-524
-287
466
-336
yY4
-661
VeX
-588
381
-540
-804
-703
-1003
108
-367
-107
978
-612
-981
kYh
-615
-800
ObO
-668
-566
-653
-562
-814
-858
eIR
-305
372
-868
-674
-568
56
cPN
-938
-704
-714
-610
6iJ
-886
-616
HB1
-834
-474
KLB
84
-789
-845
-638
-877
369
-77
-844
-743
-892
-726
-723
4bY
-711
Fta
-885
tc6
-632
Fj4
-537
-692
-692
v4A
-806
361
-640
-400
-262
-479
-571
O4w
-829
Ush
859
-419
813
-630
167
SQi
-894
-401
-388
qPP
621
uaz
-647
298
7Nw
-65
-865
-630
-24
-87
-780
gW2
-804
-562
-603
ojj
-943
-850
-934
s1s
1012
mHI
-704
-994
314
-695
-530
Hls
-575
-517
23
-173
-537
-1017
-914
554
-905
568
-687
-780
-132
pDn
-178
-678
-838
-986
-522
ox1
-807
-755
-808
-917
393
-461
Db7
-984
128
-169
-659
1017
-216
-692
-531
64
-529
-555
-691
-628
961
-689
575
-952
-27
954
-696
-9
mVN
935
152
-769
-513
-934
8Ov
-528
-682
400
-661
-83
-607
-942
-808
-979
-733
-941
dOp
-756
-126
-130
K7s
155
-771
-967
704
-5
Rbb
-150
630
-828
-208
-911
-527
128
pAb
-706
-669
-645
-709
Ysk
-137
-809
-581
952
dk9
-900
-978
-384
-539
1013
-695
-139
-920
141
-966
-1007
-753
veG
-135
4D1
-823
-795
-968
465
474
IIO
-922
-413
-664
8Mc
-842
-997
-712
-660
s0s
-947
-627
-753
-898
-939
-289
BoJ
-416
-654
Xbj
-66
2u4
800
-865
-638
-803
-1017
-967
611
-276
387
767
-623
-907
-451
-621
207
1021
830
-608
-667
-129
896
-922
438
-765
578
-754
-840
-778
HhS
235
-861
-754
-777
xHX
-541
511
-983
-839
-779
cn6
-735
-936
966
-750
qXm
-779
658
qN5
222
mch
-685
-757
-877
-911
-978
-644
192
-240
-581
856
-497
49
-592
-561
-125
-799
402
Gin
685
938
4Hx
-872
379
-758
970
-916
rsX
-714
-809
-641
-986
229
959
31
912
-657
-621
715
454
-571
KJs
750
725
-1012
-849
-529
540
-967
R6Z
-691
-679
-821
47
Vre
450
-536
391
-642
-702
-970
-585
BUe
-603
925
-718
-1012
Yrh
-611
-882
1003
-750
wZJ
-927
-751
-613
83
-108
xNy
911
6La
-630
-667
-542
-1013
-552
-786
-382
51
-667
-815
991
ihK
-831
-573
-545
-522
-1019
-634
-876
-792
jMQ
-927
1RO
-383
-140
-716
607
731
-555
919
-954
-202
269
epO
-843
-805
B48
995
672
-683
-908
-593
-859
-856
-19
-846
-558
-945
NUW
-913
iKA
-875
-604
-938
223
535
-525
-704
Xtm
-690
-823
941
-803
413
-311
620
-1004
-970
-159
-579
808
-888
FZU
-910
744
-759
596
-808
-321
-891
-659
-632
549
-761
-604
-674
-332
-929
-893
-403
773
mST
143
396
-569
-681
TcI
-569
-799
-692
-569
818
-17
-1011
-892
-768
rgH
-643
-408
482
-885
-569
482
657
-929
310
-933
181
iEm
-904
932
EpD
-643
-736
-849
L3E
-639
Iyw
1006
650
211
-720
-909
-285
354
-946
-735
-768
-888
-577
-530
676
-346
SSk
-843
-802
-173
-238
-478
-582
-759
7t5
-573
-831
-654
796
-732
-387
-857
944
-173
-331
621
ZZu
-689
Il9
-920
e2J
163
kIG
-981
824
jR6
-375
-935
-569
481
t6Q
-620
3Hc
-573
zmE
587
-968
-905
JJl
-530
-741
-645
-756
GTn
-833
-1009
-894
-658
-905
-939
-982
-965
485
-520
-938
794
-1005
12X
-662
576
296
-927
m7D
-615
-928
-921
-655
-108
xr4
-338
-769
397
910
1zi
651
926
72
-741
-374
-698
-867
o8h
298
-388
-580
-63
-309
811
881
-602
-391
-926
-731
jDF
-614
-932
-751
-822
-680
-987
-1004
-471
-845
-777
4zA
-839
-708
hWs
-995
-363
-734
-618
-189
-563
801
0
-845
-855
-893
dyF
-840
-995
N1H
968
-950
-586
451
-532
-126
672
497
D2A
-121
j5K
-962
aC9
662
Ofa
918
-749
-918
-1015
-973
m3D
-882
-851
-581
475
-667
1012
-465
770
-1008
-663
bSm
-539
o4j
-604
-967
996
-791
xvN
66
-146
BdL
-672
-870
-248
986
-879
S1L
798
-900
dhC
616
-614
51
GlX
-951
-918
-1014
382
560
667
-565
912
-148
-612
-959
-757
-903
-450
Gp1
-182
-658
-195
-683
-478
840
-78
-945
v8f
-889
-746
-919
-538
461
134
-825
-891
-748
-731
-679
ioy
-684
-501
-553
-526
-281
9vI
-618
178
x2l
-639
-913
652
-792
-628
-645
-670
-956
502
-976
424
DVM
-712
-556
898
-735
152
-586
-560
149
-913
-654
R9D
-220
-977
aAV
-631
133
-985
-715
-613
-738
-598
507
qiL
-914
302
525
636
-929
-657
147
-979
763
-852
404
-997
-654
-823
-615
-661
eTw
-944
-230
-906
g7n
-844
FwB
487
YzA
-978
310
-610
-712
d8n
-750
-425
M72
-912
-832
702
-933
-621
-867
-717
-762
ioh
226
-15
877
-1021
-648
49
-933
-595
-486
-862
-926
3hd
-879
-1002
-1002
zJU
-245
-738
-886
-964
-500
483
-836
-677
-229
-648
767
-147
vXY
811
-679
-633
-1005
-912
-565
992
6Wt
662
61
CMw
-783
YPE
-900
-626
-592
569
-614
-532
-566
-563
-978
645
585
-931
6RB
554
HZu
-649
-756
-955
752
-623
720
FXk
-1002
-830
-557
myz
-599
485
-1009
YN7
430
-526
9FS
451
-777
184
-985
Ept
-160
eZt
-1013
129
696
wDl
-9
252
-877
734
jly
-425
9C3
-783
-461
-989
-660
-135
-848
-840
334
-1002
678
-536
-632
636
-596
755
Gud
-911
-541
-906
-1015
-703
500
619
-506
-256
366
-587
-1014
-605
-1001
-94
-831
-964
-791
xhM
218
609
-198
-354
ZM1
-694
-674
-734
oZ5
-838
-679
-161
-847
773
-606
Wos
257
j6d
731
221
-541
-762
-192
-615
Y4v
-509
-344
-850
-938
-112
-654
-989
K4b
-959
-571
-576
560
p4T
-525
-691
-135
-241
-650
774
997
xaC
-450
-814
-524
-1018
-780
-674
-587
-908
248
0UL
-328
rON
-533
795
-227
-602
-614
367
-904
-668
-906
PXH
-940
-731
-492
-605
-884
-383
891
429
-762
GhD
-564
-819
-977
b6K
-744
-925
-606
-755
-869
-534
-103
-879
-896
154
-452
151
876
-532
420
-821
-1009
-774
8qJ
-193
-326
-757
tQ5
-977
-689
-893
-183
-802
875
-387
98
257
-783
MXa
567
-934
-519
365
-775
-748
-988
-758
196
-267
951
-568
-957
136
769
53
-777
Tnt
-132
H02
-822
-323
-574
-495
397
-60
-1002
-623
-637
EjF
-869
-70
20
qzp
-744
-966
-663
hg9
-662
-971
-926
-539
Orp
-660
351
-911
-62
485
-197
-571
-934
QEa
-560
-781
-745
153
509
693
-589
-856
-831
124
980
953
Kux
125
-894
-718
-603
-737
u3t
-837
LRs
-638
LDp
-728
-876
-703
-554
7NI
-1014
408
-696
-979
178
gG9
311
-590
-750
-166
856
Qlq
-703
-912
541
531
-753
-871
-82
772
-968
hkH
-821
-943
745
-783
-887
-1004
-848
-715
-727
-767
-574
42
-802
-722
-537
-727
cCP
-632
-929
-739
615
LuV
630
799
DL3
-80
Lc7
979
-685
-690
-610
-968
-955
-419
-128
113
-939
969
812
-609
okb
645
-336
-514
449
-550
eDa
98
-899
-525
Dsq
517
-842
-407
-977
Nge
-1003
Q1k
-783
6Vf
-648
89
-699
-725
11
2wv
232
i5x
-416
-926
-902
873
-457
-839
-945
-448
-663
-575
477
-655
-831
-922
-586
-641
-611
586
-389
-196
-976
282
-719
539
-631
-870
-466
-693
-693
722
133
0Fp
115
-864
swP
494
-833
-762
knb
476
894
-406
Kcd
319
-560
265
145
-804
-416
j4i
104
-343
152
oOQ
-815
-628
HT4
-881
-737
-905
-715
-533
-882
-973
-618
-924
883
-617
241
58
gtt
-935
-867
uqr
-890
-635
-735
4Jj
633
735
765
208
-973
-578
-634
-925
793
915
436
NZT
-685
-526
-981
-72
-82
-845
-922
-868
-102
-934
625
617
-959
-517
-481
-928
-815
-787
-548
iW0
656
15K
-866
-759
-910
-923
-716
-798
-870
104
-932
967
9su
850
fNR
-186
AIq
-550
nE8
-612
-826
-859
-657
ZZ3
-857
-974
202
V2t
-538
Jv4
-625
-545
-334
-266
BCg
-314
812
-515
VrG
-587
K7J
-848
-272
-329
-610
-1005
-957
XzI
-655
-351
G4D
-546
287
654
214
djX
-532
-829
-902
6Te
-830
465
325
EmU
-484
-977
-716
-117
64
ssn
-966
696
-713
HRw
-246
-638
916
-372
-646
442
-563
-567
289
-685
nvv
-806
EtV
567
-993
-863
-676
-662
-990
-916
268
-687
-923
-600
-772
-177
TxC
-204
-805
-579
568
0YW
-802
640
-892
-990
-981
170
298
774
596
-770
4Us
-880
-551
SwZ
-580
oWF
-275
-617
-549
-753
-695
-383
-620
-642
-638
-678
-764
65
Gvl
629
-961
-379
831
-747
rro
-845
-780
902
218
-1007
s7f
926
YOi
-681
-903
MSU
721
-551
-830
901
-1000
-38
-841
-655
Sdj
-947
-887
168
-976
-291
-975
CwK
-687
-545
94
-316
xBQ
-692
-798
-248
-547
-527
-355
-973
-608
276
-809
670
De2
-862
-552
472
-982
-464
85F
495
-762
Kqq
216
604
-738
-1002
-540
-712
-23
-926
-1007
-548
-805
-759
-636
Fk8
-377
474
-757
-915
-875
433
e20
-912
4f5
594
944
8z0
-101
-758
-548
w9M
458
-825
-344
cPL
-477
-693
-929
-614
708
-621
-834
tsO
117
-77
-367
-346
-48
724
-914
-993
sPq
-620
770
459
-274
-612
911
636
-550
-426
o66
-696
-567
-805
-553
A9x
-673
-933
-962
823
254
-611
m56
-860
-606
211
hWk
771
656
-904
951
-524
-31
vmc
-770
-693
860
-571
-893
-712
-884
-740
622
-655
973
-998
-580
-803
-590
421
-794
-912
-16
-855
-669
-588
53
-547
-558
-598
-860
947
-276
ln2
-531
-596
-915
-377
-787
-890
-863
-623
319
-733
750
82
424
-772
-607
-682
24
-842
9nH
-592
-737
-61
bnn
-659
-779